0000000000000000000000000
0000000000000000000000000
0000000000000000000000000
0000000000000000000000000
0000000000000000000000000
0000000000000000000000000
0000000000000000000000000
0000000000000000000000000
0000000000000000000000000
0000000000000000000000000
0000011111111110000000000
0000011111111110000000000
0000000111111111100000000
0000000111111111100000000
0000011000000011111100000
0000011000000011111100000
0000011000000011111100000
0000011000000011111100000
0000011000000011111100000
0000011000000011111100000
0000000000000000000000000
0000000000000000000000000
0000000000000000000000000
0000000000000000000000000
0000000000000000000000000
